16
27
40
56
62
79
80
92
94
101
107
109
111
131
134
142
150
155
159
161
165
203
206
228
242
254
260
262
275
277
282
283
292
321
332
338
346
347
348
365
378
388
409
418
421
428
443
460
471
472
488
493
523
527
533
544
546
549
560
571
579
583
589
590
596
604
607
608
615
622
625
632
639
644
661
662
676
688
698
717
733
751
752
759
764
780
781
792
806
815
817
830
847
882
891
912
917
918
928
931
934
946
957
964
968
972
977
982
991
993
1001
1004
1005
1014
1022
1035
1041
1045
1049
1052
1061
1080
1085
1091
1103
1130
1135
1142
1145
1151
1162
1179
1181
1185
1186
1200
1201
1208
1211
1225
1242
1243
1244
1250
1266
1293
1313
1315
1317
1362
1365
1369
1376
1384
1400
1406
1408
1417
1424
1429
1431
1434
1451
1466
1471
1511
1522
1533
1537
1540
1567
1578
1581
1583
1587
1590
1605
1613
1615
1621
1632
1644
1651
1656
1660
1667
1672
1674
1686
1690
1701
1712
1720
1721
1723
1738
1740
1759
1766
1775
1779
1791
1801
1811
1812
1821
1841
1849
1853
1868
1896
1902
1914
1922
1946
1964
1968
1978
1979
1992
1993
2015
2016
2020
2024
2045
2050
2069
2099
2106
2110
2120
2124
2130
2149
2182
2186
2194
2202
2206
2210
2211
2229
2238
2241
2243
2245
2258
2275
2277
2282
2289
2290
2294
2315
2330
2333
2340
2341
2357
2359
2360
2370
2378
2382
2400
2402
2404
2409
2420
2437
2452
2468
2480
2482
2484
2488
2497
2498
2501
2512
2524
2563
2564
2575
2581
2587
2590
2600
2604
2613
2628
2630
2637
2649
2655
2659
2672
2719
2721
2722
2728
2731
2760
2762
2767
2775
2776
2785
2797
2801
2810
2821
2846
2848
2850
2861
2869
2873
2876
2878
2885
2893
2895
2900
2903
2907
2911
2921
2928
2937
2945
2958
2961
2978
2980
2982
2999
3001
3010
3030
3033
3035
3054
3062
3069
3073
3075
3076
3081
3082
3101
3105
3107
3118
3122
3126
3135
3138
3140
3142
3144
3148
3155
3156
3159
3173
3174
3175
3179
3195
3208
3229
3263
3285
3287
3290
3292
3297
3298
3301
3331
3357
3374
3388
3402
3405
3416
3420
3423
3428
3432
3441
3448
3454
3458
3468
3471
3473
3476
3477
3500
3504
3505
3526
3538
3539
3546
3551
3554
3558
3559
3566
3569
3574
3584
3605
3614
3616
3617
3619
3620
3635
3636
3643
3647
3658
3678
3699
3701
3703
3717
3720
3726
3756
3757
3759
3761
3779
3782
3791
3805
3809
3812
3857
3864
3867
3869
3876
3886
3899
3909
3914
3933
3940
3942
3954
3963
3968
3974
3983
3984
3993
3994
4010
4024
4037
4047
4051
4058
4066
4083
4101
4112
4116
4129
4132
4134
4140
4149
4151
4152
4163
4167
4171
4175
4197
4203
4218
4225
4228
4236
4240
4241
4253
4257
4285
4288
4301
4302
4337
4359
4360
4368
4370
4379
4394
4400
4411
4416
4422
4429
4437
4440
4443
4447
4461
4463
4467
4474
4500
4507
4541
4543
4544
4555
4557
4560
4568
4580
4583
4585
4586
4595
4616
4619
4625
4635
4650
4651
4653
4654
4682
4683
4689
4691
4694
4698
4721
4725
4730
4734
4749
4755
4756
4758
4759
4765
4768
4777
4779
4782
4796
4801
4816
4850
4851
4858
4873
4874
4881
4884
4903
4912
4914
4916
4920
4931
4942
4955
4965
4967
4975
4979
4983
4985
4995
5010
5012
5013
5038
5055
5057
5058
5062
5064
5072
5081
5103
5105
5115
5119
5120
5135
5156
5157
5162
5178
5182
5186
5187
5189
5192
5195
5206
5225
5242
5253
5255
5256
5257
5266
5275
5276
5277
5296
5307
5326
5343
5351
5353
5360
5363
5369
5371
5378
5390
5391
5402
5407
5411
5426
5430
5433
5446
5454
5461
5473
5493
5506
5507
5514
5527
5538
5575
5625
5641
5655
5656
5659
5660
5719
5737
5740
5742
5743
5746
5753
5774
5782
5788
5792
5803
5806
5811
5815
5822
5830
5851
5862
5866
5881
5885
5899
5903
5905
5910
5919
5920
5926
5927
5930
5931
5933
5934
5939
5944
5949
5950
5954
5957
5990
6003
6005
6020
6022
6023
6032
6070
6077
6083
6095
6105
6116
6125
6134
6146
6156
6168
6172
6175
6176
6177
6184
6191
6196
6201
6208
6219
6223
6225
6228
6246
6248
6250
6264
6278
6302
6328
6334
6343
6355
6383
6396
6398
6411
6416
6426
6429
6434
6439
6460
6462
6475
6481
6483
6486
6517
6533
6541
6558
6559
6566
6583
6589
6593
6615
6620
6626
6631
6633
6637
6638
6654
6688
6695
6711
6741
6766
6774
6775
6780
6797
6808
6810
6813
6816
6823
6833
6847
6851
6868
6871
6884
6886
6890
6893
6899
6902
6905
6907
6924
6931
6933
6936
6976
6983
6991
7031
7032
7033
7036
7069
7074
7078
7094
7109
7137
7140
7155
7195
7196
7197
7200
7208
7209
7218
7244
7250
7256
7262
7265
7269
7270
7277
7294
7305
7308
7310
7314
7326
7347
7350
7364
7369
7385
7388
7389
7422
7423
7430
7451
7457
7463
7470
7476
7478
7481
7493
7494
7500
7513
7516
7520
7540
7555
7575
7580
7593
7604
7609
7618
7640
7644
7652
7654
7656
7673
7679
7686
7689
7691
7695
7697
7712
7719
7720
7730
7734
7737
7738
7745
7751
7766
7797
7821
7829
7835
7845
7853
7863
7869
7873
7879
7884
7887
7893
7894
7896
7900
7904
7908
7909
7912
7923
7939
7941
7943
7952
7960
7961
7967
7978
7984
8003
8034
8035
8036
8048
8049
8050
8079
8081
8096
8101
8115
8119
8141
8147
8151
8165
8179
8180
8186
8187
8197
8210
8228
8234
8245
8267
8288
8303
8316
8321
8332
8337
8343
8348
8357
8368
8369
8378
8379
8384
8423
8425
8426
8444
8467
8483
8492
8497
8511
8519
8520
8528
8563
8573
8590
8594
8602
8618
8675
8677
8679
8683
8690
8694
8710
8712
8731
8744
8745
8758
8763
8764
8768
8769
8774
8789
8794
8803
8811
8815
8824
8835
8838
8839
8846
8851
8854
8860
8863
8866
8868
8872
8883
8900
8915
8922
8929
8937
8941
8968
8981
8999
9002
9004
9018
9038
9045
9047
9062
9068
9071
9074
9092
9095
9099
9101
9108
9109
9119
9124
9126
9139
9144
9146
9160
9165
9167
9175
9183
9187
9194
9211
9219
9221
9224
9229
9230
9242
9244
9248
9250
9280
9291
9299
9309
9332
9341
9350
9358
9361
9363
9368
9376
9382
9385
9396
9401
9413
9422
9427
9430
9463
9481
9485
9505
9512
9513
9515
9516
9521
9522
9532
9536
9563
9569
9600
9628
9629
9645
9653
9685
9687
9714
9729
9735
9737
9743
9758
9774
9775
9807
9811
9814
9840
9861
9882
9915
9916
9928
9936
9939
9941
9946
9960
9968
9990
9996
