0
11
12
16
20
26
27
49
50
53
56
68
74
79
80
88
90
93
96
97
99
103
104
110
111
114
121
126
131
133
134
142
147
149
152
160
161
164
192
193
220
242
272
275
279
282
283
292
294
324
326
340
346
347
348
362
363
365
371
380
381
388
402
404
409
417
418
420
425
428
444
446
447
451
464
469
471
472
475
482
483
492
498
518
534
540
544
547
561
562
564
571
576
584
589
590
594
608
620
621
622
632
634
639
643
644
666
680
695
698
700
704
710
716
718
727
728
770
771
776
777
781
786
787
790
792
793
796
806
811
819
820
822
827
830
832
843
846
850
851
858
860
861
868
875
878
881
882
899
901
902
905
917
922
926
928
931
933
935
946
948
953
954
956
957
967
968
973
977
982
987
995
1012
1017
1020
1021
1024
1025
1034
1037
1039
1041
1049
1052
1056
1062
1073
1075
1084
1087
1089
1091
1092
1100
1108
1112
1118
1119
1122
1129
1130
1131
1150
1151
1172
1178
1181
1182
1201
1204
1209
1210
1211
1216
1218
1222
1231
1236
1241
1244
1248
1255
1263
1270
1278
1280
1281
1282
1292
1296
1308
1312
1317
1334
1351
1362
1378
1387
1388
1389
1391
1393
1397
1405
1408
1411
1413
1416
1417
1424
1429
1430
1458
1466
1471
1479
1507
1508
1513
1517
1525
1527
1538
1542
1544
1548
1553
1560
1566
1569
1576
1578
1581
1583
1587
1588
1591
1593
1594
1601
1611
1613
1615
1623
1624
1632
1634
1644
1650
1651
1655
1656
1667
1672
1676
1681
1684
1686
1687
1690
1691
1700
1707
1709
1716
1718
1721
1723
1734
1736
1738
1740
1743
1753
1754
1760
1779
1780
1789
1791
1800
1801
1803
1805
1807
1812
1820
1828
1829
1832
1848
1849
1861
1862
1863
1877
1882
1888
1900
1908
1918
1920
1924
1929
1943
1944
1945
1946
1947
1957
1962
1973
1978
1992
1993
2013
2016
2017
2018
2029
2031
2035
2038
2040
2043
2046
2049
2050
2055
2069
2073
2089
2099
2106
2109
2115
2120
2121
2124
2134
2142
2147
2149
2166
2168
2173
2178
2202
2210
2211
2217
2235
2238
2245
2246
2256
2260
2262
2269
2272
2274
2275
2278
2281
2284
2289
2292
2294
2298
2301
2309
2314
2315
2316
2323
2325
2331
2333
2357
2359
2365
2366
2370
2375
2379
2381
2386
2388
2396
2400
2401
2407
2413
2417
2421
2439
2467
2488
2490
2494
2497
2502
2506
2510
2523
2529
2535
2537
2538
2539
2547
2550
2551
2559
2560
2568
2573
2584
2588
2591
2596
2599
2600
2602
2604
2605
2609
2613
2618
2621
2622
2628
2632
2633
2647
2650
2651
2652
2655
2656
2674
2690
2707
2717
2719
2727
2728
2735
2741
2745
2749
2753
2760
2761
2763
2767
2769
2775
2776
2784
2785
2791
2801
2809
2810
2811
2822
2843
2846
2858
2863
2866
2873
2876
2878
2884
2885
2894
2896
2897
2902
2906
2910
2917
2919
2920
2923
2925
2926
2934
2937
2942
2945
2964
2978
2979
2982
2983
3004
3006
3010
3021
3023
3040
3058
3059
3073
3074
3075
3076
3081
3101
3106
3122
3129
3134
3137
3140
3142
3146
3148
3150
3176
3182
3186
3188
3192
3204
3209
3225
3228
3229
3230
3231
3234
3248
3256
3257
3258
3259
3263
3265
3267
3273
3275
3292
3295
3297
3322
3342
3351
3356
3357
3358
3363
3369
3402
3405
3411
3419
3420
3425
3427
3432
3437
3438
3457
3459
3461
3468
3472
3476
3477
3481
3489
3494
3504
3505
3514
3522
3523
3526
3532
3538
3539
3551
3552
3559
3573
3574
3577
3584
3597
3605
3613
3617
3620
3637
3640
3643
3645
3646
3648
3652
3658
3666
3667
3670
3678
3682
3684
3686
3691
3695
3697
3699
3708
3717
3719
3720
3722
3724
3729
3735
3737
3745
3760
3765
3772
3777
3779
3783
3784
3788
3790
3792
3799
3811
3826
3830
3840
3848
3853
3854
3857
3868
3872
3875
3876
3887
3890
3893
3894
3899
3906
3912
3920
3924
3932
3938
3941
3959
3963
3964
3968
3987
4011
4012
4022
4024
4027
4046
4047
4049
4058
4063
4066
4067
4076
4103
4106
4116
4126
4129
4130
4142
4150
4152
4153
4157
4161
4163
4171
4172
4175
4180
4183
4189
4192
4194
4195
4197
4213
4217
4222
4225
4229
4230
4234
4236
4256
4263
4269
4270
4281
4284
4287
4288
4289
4291
4302
4307
4318
4331
4342
4344
4347
4350
4351
4352
4359
4370
4371
4378
4379
4409
4416
4417
4424
4427
4429
4437
4439
4445
4446
4448
4453
4457
4461
4466
4467
4474
4475
4477
4490
4500
4510
4511
4518
4519
4521
4528
4533
4539
4543
4546
4547
4548
4549
4550
4557
4559
4560
4563
4566
4579
4585
4586
4587
4589
4595
4597
4607
4611
4612
4616
4622
4625
4627
4633
4635
4651
4654
4661
4665
4666
4674
4675
4676
4682
4683
4689
4691
4694
4695
4702
4704
4705
4708
4719
4721
4723
4726
4728
4730
4734
4752
4753
4755
4756
4759
4761
4766
4767
4776
4777
4780
4782
4788
4789
4791
4795
4798
4801
4806
4815
4828
4829
4837
4850
4859
4874
4881
4890
4891
4894
4906
4908
4916
4924
4939
4944
4945
4947
4953
4956
4965
4966
4975
4976
4980
4983
4985
4987
4995
5009
5010
5017
5031
5032
5033
5057
5058
5069
5077
5078
5083
5094
5109
5112
5115
5118
5124
5132
5140
5149
5168
5180
5182
5183
5185
5187
5190
5192
5193
5195
5205
5207
5230
5242
5256
5258
5265
5273
5274
5275
5277
5288
5289
5295
5300
5310
5316
5317
5324
5326
5328
5333
5334
5338
5347
5353
5360
5363
5371
5375
5378
5386
5394
5402
5411
5413
5414
5426
5435
5440
5443
5472
5473
5480
5484
5488
5489
5493
5503
5512
5547
5554
5567
5594
5595
5602
5603
5604
5614
5632
5637
5639
5642
5647
5659
5663
5665
5666
5669
5674
5679
5680
5683
5687
5693
5698
5701
5724
5738
5743
5745
5753
5756
5762
5766
5787
5788
5793
5796
5802
5805
5811
5814
5815
5822
5826
5830
5846
5848
5851
5885
5886
5887
5897
5902
5905
5909
5910
5915
5927
5928
5933
5934
5939
5941
5949
5950
5957
5972
5978
5994
5996
6003
6006
6009
6015
6022
6028
6031
6033
6042
6044
6054
6055
6058
6070
6088
6090
6092
6094
6095
6103
6104
6105
6107
6108
6109
6113
6128
6145
6149
6154
6156
6161
6163
6164
6168
6176
6180
6187
6190
6191
6193
6194
6201
6205
6211
6228
6230
6240
6243
6244
6245
6250
6251
6265
6266
6278
6283
6285
6288
6292
6293
6294
6296
6297
6302
6313
6317
6325
6328
6349
6350
6354
6355
6356
6359
6364
6365
6372
6387
6389
6396
6398
6399
6406
6411
6417
6438
6445
6449
6451
6457
6460
6461
6467
6468
6475
6477
6479
6483
6488
6491
6497
6504
6512
6513
6516
6517
6524
6528
6533
6542
6559
6563
6572
6574
6575
6581
6583
6589
6590
6598
6618
6622
6628
6631
6633
6642
6653
6660
6664
6666
6669
6671
6680
6683
6685
6694
6696
6702
6704
6707
6711
6733
6736
6741
6742
6749
6759
6761
6762
6764
6776
6778
6784
6786
6794
6797
6803
6813
6814
6820
6825
6837
6846
6851
6853
6859
6868
6871
6873
6880
6881
6893
6895
6899
6903
6905
6907
6914
6918
6925
6926
6930
6936
6938
6947
6950
6952
6986
6987
7008
7013
7016
7017
7018
7026
7032
7033
7034
7038
7041
7045
7049
7068
7069
7074
7076
7087
7108
7109
7119
7123
7125
7137
7142
7144
7151
7157
7162
7174
7177
7180
7181
7182
7189
7200
7201
7204
7216
7217
7234
7235
7240
7244
7251
7256
7257
7260
7265
7266
7269
7270
7282
7284
7299
7300
7310
7315
7320
7324
7329
7333
7339
7344
7346
7349
7353
7355
7362
7367
7371
7375
7379
7387
7388
7389
7398
7403
7413
7416
7425
7430
7439
7445
7449
7457
7461
7463
7468
7470
7471
7476
7481
7490
7491
7498
7513
7520
7522
7524
7525
7534
7538
7544
7549
7555
7559
7564
7566
7567
7575
7576
7585
7593
7601
7607
7610
7624
7626
7627
7640
7643
7652
7671
7675
7677
7679
7692
7714
7715
7722
7723
7726
7730
7731
7732
7733
7734
7738
7741
7742
7743
7747
7751
7775
7795
7805
7820
7821
7835
7836
7838
7841
7847
7849
7853
7856
7864
7869
7873
7880
7881
7882
7883
7884
7891
7894
7900
7903
7908
7909
7915
7917
7919
7921
7940
7944
7947
7953
7956
7957
7978
7980
7984
7989
7994
8003
8008
8009
8020
8025
8035
8036
8041
8049
8050
8058
8062
8065
8070
8075
8079
8083
8092
8098
8103
8110
8121
8125
8126
8128
8133
8144
8149
8150
8156
8159
8165
8170
8177
8183
8202
8209
8216
8224
8236
8238
8245
8253
8255
8260
8262
8264
8267
8276
8283
8285
8288
8289
8296
8306
8321
8326
8331
8332
8340
8341
8348
8350
8358
8360
8362
8364
8368
8373
8378
8381
8382
8386
8406
8408
8409
8423
8425
8426
8429
8431
8451
8452
8455
8458
8459
8461
8465
8467
8476
8477
8492
8495
8496
8500
8515
8527
8533
8537
8542
8545
8547
8567
8568
8569
8571
8590
8602
8606
8622
8628
8631
8635
8648
8651
8677
8683
8684
8690
8706
8723
8727
8729
8731
8737
8742
8745
8749
8750
8754
8764
8766
8769
8779
8791
8792
8794
8803
8819
8822
8828
8837
8844
8845
8851
8852
8854
8855
8860
8863
8866
8868
8872
8873
8883
8885
8897
8910
8915
8919
8931
8941
8950
8955
8980
8984
8994
8995
8996
8999
9002
9012
9018
9034
9038
9045
9058
9060
9063
9074
9081
9086
9088
9101
9103
9107
9112
9116
9119
9121
9126
9148
9158
9164
9177
9183
9189
9193
9195
9203
9210
9212
9224
9232
9238
9244
9254
9269
9270
9279
9280
9282
9288
9301
9306
9311
9312
9313
9322
9332
9337
9341
9344
9345
9346
9357
9361
9365
9374
9376
9378
9385
9388
9397
9407
9413
9414
9420
9428
9437
9466
9471
9476
9493
9502
9505
9526
9527
9533
9548
9560
9565
9569
9571
9577
9582
9591
9597
9603
9605
9606
9611
9615
9618
9628
9629
9632
9640
9649
9653
9662
9674
9682
9686
9687
9688
9703
9721
9724
9729
9732
9735
9737
9742
9744
9745
9766
9774
9779
9788
9791
9816
9842
9849
9852
9855
9859
9861
9862
9865
9882
9884
9885
9889
9894
9901
9904
9915
9917
9933
9940
9979
9994
9995
