1
27
33
62
73
80
87
88
94
107
111
121
128
131
135
137
146
149
150
160
161
185
191
194
203
254
260
262
265
282
297
302
305
313
327
330
331
344
345
346
347
348
354
359
360
380
402
407
409
421
424
434
436
437
444
464
471
476
483
490
506
510
519
523
527
532
544
560
564
596
608
625
637
638
653
659
688
695
698
717
719
720
755
757
759
767
768
777
820
833
849
851
877
881
891
899
901
906
911
918
928
932
934
947
955
973
977
982
990
991
993
995
999
1001
1020
1033
1039
1045
1049
1050
1053
1056
1061
1082
1088
1100
1103
1129
1140
1152
1159
1162
1182
1201
1204
1206
1208
1211
1213
1216
1232
1236
1240
1242
1243
1244
1283
1289
1312
1316
1321
1324
1331
1351
1355
1356
1369
1390
1417
1427
1430
1451
1464
1478
1479
1497
1511
1533
1537
1542
1577
1578
1581
1583
1591
1608
1615
1624
1630
1633
1642
1654
1655
1656
1659
1664
1667
1670
1672
1679
1687
1691
1702
1709
1734
1740
1770
1771
1780
1791
1792
1801
1814
1818
1849
1852
1860
1863
1877
1887
1888
1938
1943
1944
1945
1953
1954
1964
1984
1994
2013
2015
2024
2028
2036
2038
2052
2060
2069
2089
2120
2138
2158
2161
2173
2202
2206
2210
2245
2256
2262
2275
2278
2290
2298
2309
2340
2341
2342
2345
2349
2359
2370
2381
2382
2396
2401
2404
2413
2415
2443
2468
2474
2494
2501
2509
2514
2522
2533
2537
2540
2581
2584
2587
2588
2602
2612
2615
2621
2624
2640
2650
2662
2664
2690
2694
2697
2701
2706
2707
2719
2721
2727
2728
2746
2749
2753
2762
2785
2792
2797
2815
2831
2832
2861
2862
2873
2876
2885
2894
2900
2907
2919
2926
2951
2961
2964
2967
2980
2982
3000
3004
3010
3011
3032
3073
3082
3101
3118
3129
3134
3135
3140
3142
3148
3150
3151
3173
3175
3176
3187
3195
3200
3208
3223
3225
3227
3228
3229
3258
3263
3265
3287
3292
3294
3299
3307
3316
3324
3357
3369
3374
3387
3406
3410
3419
3437
3441
3444
3446
3448
3451
3460
3468
3480
3486
3504
3511
3514
3515
3522
3526
3527
3539
3548
3550
3552
3557
3566
3573
3574
3575
3581
3605
3610
3616
3619
3620
3646
3652
3657
3666
3674
3678
3699
3701
3703
3716
3727
3737
3741
3746
3756
3760
3763
3770
3777
3779
3782
3783
3789
3790
3791
3801
3806
3809
3813
3823
3857
3868
3876
3885
3886
3887
3894
3899
3901
3906
3916
3920
3932
3938
3941
3961
3964
3974
3980
3993
3996
3999
4037
4047
4058
4067
4068
4099
4100
4107
4134
4149
4151
4152
4194
4197
4199
4211
4217
4222
4225
4234
4236
4249
4252
4253
4256
4267
4281
4282
4285
4291
4300
4302
4320
4367
4383
4394
4398
4400
4414
4416
4421
4447
4448
4461
4477
4501
4510
4511
4512
4513
4542
4543
4544
4545
4554
4557
4561
4583
4592
4595
4600
4606
4636
4638
4650
4651
4677
4689
4691
4694
4697
4702
4704
4717
4730
4737
4740
4746
4751
4752
4756
4777
4780
4790
4795
4801
4806
4807
4813
4816
4818
4822
4829
4859
4871
4873
4887
4920
4924
4925
4931
4947
4965
4970
4974
4976
4982
4983
4988
5020
5022
5032
5048
5073
5087
5094
5103
5132
5139
5149
5156
5157
5161
5162
5175
5190
5192
5193
5195
5200
5207
5213
5225
5237
5242
5254
5256
5261
5262
5265
5277
5283
5289
5301
5307
5313
5322
5324
5339
5343
5347
5353
5363
5366
5375
5386
5391
5394
5395
5402
5413
5426
5438
5454
5456
5469
5472
5473
5474
5487
5492
5493
5502
5508
5510
5513
5514
5532
5533
5538
5546
5558
5562
5567
5578
5595
5610
5614
5616
5625
5632
5637
5638
5639
5641
5642
5647
5649
5654
5655
5659
5661
5665
5666
5673
5674
5680
5687
5697
5738
5745
5746
5753
5756
5774
5786
5790
5792
5810
5811
5822
5824
5830
5840
5848
5851
5905
5906
5930
5935
5978
5984
5986
5990
6003
6015
6020
6021
6022
6042
6044
6087
6094
6102
6105
6115
6125
6163
6164
6168
6170
6177
6183
6186
6188
6191
6206
6216
6223
6228
6229
6230
6245
6256
6261
6265
6266
6267
6278
6283
6285
6301
6313
6333
6334
6350
6365
6372
6396
6398
6400
6411
6416
6417
6434
6439
6441
6443
6460
6461
6462
6479
6491
6501
6546
6555
6556
6558
6563
6575
6583
6590
6591
6622
6679
6696
6697
6712
6725
6731
6741
6786
6796
6798
6802
6803
6808
6820
6824
6837
6862
6865
6886
6891
6895
6897
6899
6907
6914
6915
6924
6933
6947
6950
6956
6959
6987
6993
6994
7002
7008
7017
7021
7032
7041
7043
7076
7078
7087
7107
7119
7137
7140
7145
7150
7155
7180
7200
7201
7203
7209
7216
7218
7222
7231
7263
7265
7285
7304
7305
7310
7314
7339
7355
7379
7385
7388
7398
7403
7423
7424
7430
7439
7454
7461
7463
7468
7486
7493
7494
7520
7522
7524
7534
7535
7538
7544
7547
7571
7575
7586
7593
7601
7607
7621
7633
7640
7654
7668
7669
7679
7682
7686
7689
7692
7697
7712
7714
7734
7738
7747
7771
7787
7805
7806
7835
7845
7852
7864
7876
7879
7893
7898
7900
7902
7908
7909
7921
7940
7953
7960
7966
7967
7984
7998
8000
8004
8007
8008
8017
8038
8048
8049
8050
8055
8056
8060
8068
8070
8081
8092
8093
8103
8116
8125
8130
8132
8138
8156
8164
8172
8177
8187
8202
8228
8233
8238
8245
8246
8253
8254
8268
8289
8316
8318
8346
8348
8360
8368
8369
8374
8377
8394
8395
8402
8408
8409
8410
8444
8448
8450
8451
8455
8456
8462
8467
8474
8485
8492
8494
8505
8508
8525
8533
8536
8542
8545
8568
8569
8571
8576
8587
8590
8594
8602
8603
8615
8651
8661
8679
8685
8694
8706
8712
8745
8758
8761
8764
8766
8768
8787
8794
8811
8819
8824
8835
8845
8866
8883
8901
8906
8915
8919
8922
8927
8929
8937
8947
8952
8956
8963
8967
8980
8996
8999
9000
9004
9010
9018
9038
9074
9080
9088
9092
9095
9115
9126
9128
9139
9141
9144
9148
9167
9189
9195
9206
9211
9219
9224
9232
9244
9246
9256
9266
9269
9280
9286
9301
9304
9315
9319
9322
9323
9334
9339
9341
9344
9360
9364
9369
9374
9375
9385
9395
9396
9413
9420
9427
9432
9440
9463
9466
9469
9496
9502
9512
9513
9521
9522
9524
9525
9545
9547
9548
9553
9567
9569
9578
9600
9601
9604
9615
9622
9628
9634
9637
9644
9649
9651
9674
9681
9714
9732
9741
9746
9756
9774
9778
9781
9805
9816
9824
9841
9842
9847
9860
9873
9894
9900
9901
9911
9917
9932
9933
9936
9939
9956
9958
9987
9992
