11
13
24
31
33
50
69
72
73
75
79
80
88
101
107
111
128
134
137
142
145
146
147
150
157
161
182
183
189
212
228
241
242
247
260
277
279
281
282
288
302
303
305
311
313
325
326
331
342
344
345
346
347
407
409
418
428
443
465
469
471
476
484
495
510
523
544
551
589
607
608
611
622
625
632
643
687
693
700
701
726
763
766
768
781
787
803
817
818
847
853
870
881
901
908
917
918
941
958
972
977
991
1025
1033
1039
1053
1056
1058
1061
1062
1065
1075
1080
1089
1111
1117
1153
1194
1198
1216
1237
1243
1254
1281
1296
1308
1313
1321
1323
1324
1341
1343
1351
1368
1371
1384
1386
1388
1389
1393
1405
1413
1416
1429
1460
1468
1501
1511
1513
1524
1540
1542
1560
1581
1583
1603
1638
1640
1642
1645
1647
1650
1654
1674
1679
1686
1691
1706
1707
1723
1738
1748
1754
1768
1771
1778
1780
1788
1796
1799
1800
1807
1817
1829
1858
1861
1879
1885
1886
1892
1899
1902
1907
1914
1922
1926
1953
1954
1959
1979
1992
1994
1995
2002
2004
2016
2028
2034
2038
2040
2042
2045
2048
2049
2061
2073
2090
2106
2109
2118
2120
2122
2129
2132
2173
2174
2178
2183
2202
2209
2241
2258
2283
2289
2309
2355
2356
2358
2379
2381
2382
2435
2456
2465
2484
2485
2494
2510
2522
2527
2536
2537
2539
2550
2582
2612
2613
2620
2628
2652
2668
2685
2746
2750
2760
2762
2767
2779
2809
2815
2858
2872
2876
2884
2892
2900
2903
2910
2912
2915
2926
2936
2946
2950
2953
2961
2964
2982
2984
3004
3027
3034
3035
3060
3073
3081
3097
3105
3118
3120
3140
3142
3156
3165
3170
3175
3187
3194
3209
3223
3225
3228
3236
3241
3248
3260
3285
3292
3297
3317
3324
3338
3357
3363
3376
3384
3388
3390
3392
3420
3436
3441
3450
3454
3473
3480
3491
3514
3515
3519
3522
3530
3539
3553
3557
3573
3582
3593
3595
3603
3605
3607
3616
3617
3620
3632
3643
3657
3667
3695
3699
3701
3711
3717
3719
3722
3735
3737
3741
3745
3763
3767
3768
3779
3784
3802
3805
3806
3809
3813
3814
3830
3842
3855
3868
3871
3878
3886
3898
3901
3904
3906
3916
3920
3939
3968
3987
4035
4039
4083
4093
4094
4106
4109
4119
4120
4126
4129
4130
4132
4140
4154
4156
4161
4163
4191
4192
4213
4217
4236
4240
4251
4267
4276
4281
4289
4295
4297
4302
4313
4318
4337
4338
4340
4347
4352
4378
4409
4411
4414
4429
4432
4465
4474
4477
4500
4508
4547
4562
4583
4585
4589
4595
4653
4662
4665
4666
4670
4674
4675
4686
4725
4732
4753
4755
4759
4763
4765
4801
4804
4811
4818
4833
4838
4850
4872
4880
4890
4893
4905
4947
4955
4956
4970
4976
4983
4987
4993
5009
5013
5029
5057
5064
5077
5083
5096
5115
5118
5124
5139
5150
5160
5187
5192
5228
5242
5258
5275
5287
5310
5319
5322
5325
5337
5343
5353
5355
5371
5379
5382
5390
5438
5473
5493
5513
5529
5538
5540
5543
5561
5574
5595
5598
5602
5614
5616
5620
5639
5660
5687
5701
5711
5712
5742
5758
5762
5763
5775
5782
5793
5795
5797
5803
5822
5825
5848
5850
5851
5863
5883
5893
5905
5910
5929
5930
5937
5939
5946
5951
5978
5984
5990
5995
6003
6011
6039
6073
6095
6120
6128
6134
6146
6150
6186
6188
6195
6205
6217
6223
6225
6236
6258
6265
6266
6269
6278
6290
6304
6311
6315
6321
6365
6393
6402
6403
6411
6429
6431
6435
6446
6447
6459
6462
6488
6491
6520
6543
6556
6563
6572
6589
6590
6596
6626
6643
6653
6660
6661
6663
6665
6668
6677
6686
6695
6706
6722
6727
6741
6742
6751
6782
6787
6794
6797
6799
6826
6832
6867
6873
6886
6897
6899
6905
6925
6926
6947
6990
6991
6994
7002
7018
7021
7022
7031
7033
7034
7036
7040
7064
7070
7074
7086
7094
7102
7103
7106
7123
7131
7150
7162
7177
7196
7201
7217
7273
7285
7288
7304
7309
7310
7313
7324
7330
7337
7350
7371
7376
7386
7389
7439
7445
7454
7461
7463
7470
7478
7501
7516
7520
7540
7547
7553
7560
7562
7569
7579
7605
7627
7630
7656
7660
7669
7686
7687
7697
7704
7726
7730
7734
7741
7742
7747
7755
7769
7776
7777
7795
7801
7803
7805
7825
7829
7835
7838
7869
7874
7880
7887
7889
7900
7908
7923
7927
7941
7944
7956
7960
7961
7967
7971
7974
7980
7984
7994
8006
8007
8017
8036
8041
8049
8055
8078
8092
8093
8103
8130
8137
8138
8179
8193
8201
8233
8240
8255
8262
8286
8305
8318
8340
8348
8354
8374
8378
8409
8427
8440
8443
8452
8456
8476
8477
8482
8520
8525
8533
8538
8539
8542
8549
8564
8587
8588
8590
8594
8617
8618
8641
8647
8648
8649
8651
8672
8682
8690
8711
8712
8724
8735
8737
8758
8764
8769
8795
8813
8817
8819
8828
8844
8863
8903
8908
8915
8923
8927
8928
8929
8934
8937
8952
8971
8978
8981
8994
8996
8999
9000
9002
9004
9012
9025
9039
9045
9056
9108
9116
9119
9124
9131
9139
9147
9158
9165
9187
9193
9210
9217
9220
9227
9236
9238
9246
9266
9274
9298
9302
9308
9318
9342
9350
9361
9364
9374
9378
9385
9401
9407
9413
9418
9432
9437
9440
9457
9469
9473
9476
9515
9521
9524
9525
9541
9567
9571
9582
9601
9615
9653
9687
9693
9702
9712
9725
9741
9766
9785
9807
9814
9837
9847
9849
9853
9868
9881
9884
9889
9915
9928
9946
9948
9982
9988
9990
9992
