0
19
34
35
62
65
66
75
82
88
90
97
106
114
127
142
149
155
158
161
174
193
201
217
238
239
254
267
268
278
293
298
307
313
336
338
341
362
380
382
395
415
420
428
439
443
451
465
474
475
482
496
497
500
510
519
523
536
541
555
558
565
575
589
612
625
655
671
677
720
721
730
738
739
758
793
796
802
810
835
889
892
899
901
911
962
964
984
987
988
992
998
1007
1017
1037
1044
1066
1068
1076
1090
1103
1112
1114
1124
1131
1132
1137
1152
1162
1178
1194
1212
1229
1232
1237
1239
1240
1247
1264
1268
1272
1297
1332
1334
1340
1343
1349
1360
1363
1391
1412
1414
1439
1454
1459
1460
1466
1476
1507
1510
1515
1528
1531
1545
1546
1559
1571
1601
1602
1625
1630
1633
1641
1650
1662
1665
1673
1732
1745
1760
1777
1784
1804
1808
1818
1823
1843
1847
1848
1858
1879
1882
1888
1907
1929
1954
1970
1977
1989
2023
2034
2038
2048
2080
2106
2108
2117
2129
2130
2131
2193
2220
2225
2230
2238
2249
2256
2275
2293
2305
2312
2319
2337
2346
2370
2380
2390
2399
2409
2412
2419
2451
2455
2467
2472
2478
2489
2503
2505
2518
2541
2546
2558
2578
2581
2582
2585
2589
2592
2596
2634
2641
2643
2653
2663
2680
2694
2705
2719
2749
2771
2775
2776
2784
2821
2833
2838
2848
2863
2870
2922
2935
2937
2951
2955
2960
2961
2962
2973
2976
2991
3049
3053
3058
3074
3085
3090
3106
3110
3117
3123
3134
3135
3161
3168
3184
3190
3205
3209
3229
3250
3334
3348
3366
3392
3429
3431
3444
3452
3461
3478
3504
3516
3519
3524
3536
3542
3548
3549
3571
3572
3588
3590
3601
3616
3643
3650
3656
3660
3691
3722
3725
3733
3738
3752
3794
3802
3808
3833
3836
3843
3849
3852
3876
3878
3885
3891
3926
3939
3958
3959
3965
3967
4012
4046
4059
4072
4074
4077
4079
4081
4088
4090
4095
4098
4101
4136
4147
4149
4169
4177
4182
4184
4185
4222
4224
4247
4249
4256
4263
4300
4302
4316
4364
4376
4404
4408
4409
4415
4419
4442
4451
4462
4464
4472
4474
4489
4518
4574
4578
4603
4615
4616
4679
4702
4707
4714
4715
4717
4719
4731
4737
4755
4770
4780
4786
4800
4810
4816
4842
4878
4881
4885
4891
4893
4907
4910
4915
4924
4932
4954
4967
4974
4978
4981
4984
4991
4995
5004
5022
5031
5037
5044
5048
5056
5063
5076
5092
5110
5113
5128
5148
5168
5169
5174
5177
5178
5198
5207
5209
5243
5259
5299
5303
5330
5348
5357
5377
5386
5403
5409
5410
5414
5415
5420
5421
5422
5438
5454
5477
5478
5480
5497
5500
5514
5523
5531
5555
5574
5584
5586
5588
5602
5613
5615
5683
5704
5706
5721
5727
5728
5766
5773
5791
5810
5813
5814
5823
5824
5832
5838
5850
5867
5873
5880
5891
5894
5926
5928
5961
5968
5986
6006
6019
6025
6044
6046
6053
6057
6081
6083
6087
6122
6124
6135
6140
6151
6185
6204
6231
6242
6258
6269
6289
6299
6300
6303
6313
6332
6340
6406
6420
6421
6450
6463
6464
6486
6499
6501
6502
6506
6513
6521
6523
6533
6543
6549
6553
6555
6569
6573
6574
6585
6592
6607
6613
6615
6620
6624
6653
6661
6688
6689
6691
6696
6699
6717
6718
6736
6748
6752
6759
6769
6810
6826
6853
6868
6883
6893
6895
6911
6923
6943
6967
6984
6993
7018
7029
7043
7050
7059
7108
7113
7124
7136
7171
7177
7184
7208
7217
7220
7221
7222
7237
7247
7256
7270
7271
7280
7285
7296
7302
7307
7310
7311
7316
7325
7326
7332
7345
7354
7367
7376
7403
7410
7444
7447
7455
7461
7499
7508
7539
7560
7562
7564
7608
7609
7615
7630
7634
7670
7671
7694
7697
7699
7700
7701
7703
7704
7711
7725
7730
7735
7736
7749
7775
7810
7818
7829
7843
7862
7865
7868
7879
7898
7908
7942
7948
7949
7951
7957
7959
7963
7967
7975
7992
8001
8009
8035
8059
8070
8102
8107
8110
8128
8131
8153
8154
8156
8188
8211
8218
8222
8226
8239
8244
8253
8271
8275
8279
8289
8317
8342
8370
8376
8402
8419
8421
8424
8440
8442
8443
8451
8466
8477
8503
8514
8528
8529
8544
8546
8561
8563
8593
8596
8612
8624
8632
8655
8658
8686
8691
8748
8755
8758
8769
8781
8792
8798
8816
8822
8847
8866
8873
8876
8887
8894
8911
8923
8938
8975
8987
8989
9001
9011
9037
9052
9062
9080
9097
9106
9163
9196
9197
9205
9227
9236
9254
9269
9297
9304
9318
9323
9335
9349
9355
9361
9367
9370
9371
9398
9400
9410
9416
9441
9443
9446
9461
9465
9475
9477
9485
9488
9492
9493
9504
9516
9528
9535
9543
9548
9574
9581
9594
9608
9612
9620
9657
9661
9679
9700
9707
9708
9710
9711
9723
9735
9753
9756
9757
9780
9793
9851
9858
9868
9869
9873
9877
9879
9906
9915
9927
9984
9985
